438--459
[[0, 1, 2, 4, 5, 6, 7, 8, 9], [3], [10, 11, 12, 13, 14, 15, 16]]
[[0, 1, 2, 4, 5, 6, 7, 8, 9], [3], [10, 11, 12, 13, 14, 15, 16]]
[[23, 25, 181, 149], [28, 238, 70, 283], [203, 95, 324, 195]]

[[0, 1, 2, 3, 4, 5]]
[[0, 1, 2, 3, 4, 5]]
[[260, 26, 394, 153]]
545-606
439-489
(312.77904328018224, 22.22085889570552, 499.1343963553531, 199.6073619631902)
-----------------------------------------------
[[0, 1, 2, 3]]
[[0, 1, 2, 3]]
[[60, 32, 218, 132]]
545-521
436-417
(65.0, 29.980815347721823, 282.5, 174.9208633093525)
-----------------------------------------------
[[0], [1, 6], [2, 4], [3, 5]]
[[0], [1, 6, 2, 4, 3, 5]]
[[33, 242, 95, 292], [200, 39, 416, 139]]
545-622
440-502
(30.875, 289.8486055776892, 127.67045454545453, 371.800796812749)
-----------------------------------------------
(237.72727272727272, 38.322709163346616, 525.2727272727273, 182.22709163346613)
-----------------------------------------------
[[0, 1, 2]]
[[0, 1, 2]]
[[103, 35, 184, 110]]
545-723
442-587
(117.00226244343892, 33.10902896081772, 236.87782805429865, 145.48551959114138)
-----------------------------------------------
Imagen procesada
fin del programa manito
70.07943201065063